1  3  4 17 26
 1  3  5 18 25
 1  3  6 28 30
 1  3  7  8 12
 1  3 11 27 33
 1  3 17 27 31
 1  4  5  7 27
 1  4  6 11 25
 1  4  8 18 30
 1  4  8 18 31
 1  4 12 28 33
 1  5  6 12 17
 1  5  6 25 31
 1  5  8 11 28
 1  5 26 30 33
 1  5 26 31 33
 1  6  7 18 33
 1  6  8 26 27
 1  7 11 17 30
 1  7 25 26 28
 1  7 26 30 31
 1  8 17 25 33
 1 11 12 18 26
 1 11 12 28 31
 1 12 25 27 30
 1 17 18 27 28
 2  9 10 19 23
 2  9 13 20 24
 2  9 14 15 32
 2  9 16 22 34
 2  9 21 29 35
 2 10 13 15 35
 2 10 14 16 29
 2 10 20 22 32
 2 10 21 24 34
 2 13 14 23 34
 2 13 16 21 32
 2 13 19 22 29
 2 14 19 20 21
 2 14 22 24 35
 2 15 16 19 24
 2 15 20 29 34
 2 15 21 22 23
 2 16 20 23 35
 2 19 32 34 35
 2 23 24 29 32
 3  4  5  6  8
 3  4  7 11 28
 3  4 12 18 27
 3  4 25 30 33
 3  4 25 31 33
 3  5  7 17 33
 3  5  8 12 31
 3  5 11 12 30
 3  5 11 30 31
 3  5 26 27 28
 3  6  7 25 27
 3  6 11 17 18
 3  6 11 18 31
 3  6 12 26 33
 3  7 18 26 30
 3  7 26 28 31
 3  8 11 25 26
 3  8 17 27 30
 3  8 18 28 33
 3 12 17 25 28
 4  5 11 18 33
 4  5 12 25 26
 4  5 17 28 30
 4  5 17 28 31
 4  6  7 12 30
 4  6  7 12 31
 4  6 17 27 33
 4  6 18 26 28
 4  6 30 31 33
 4  7  8 26 33
 4  7 17 18 25
 4  8 11 12 17
 4  8 25 27 28
 4 11 26 27 30
 4 11 26 27 31
 5  6  7 11 26
 5  6 18 27 30
 5  6 25 28 33
 5  7  8 25 30
 5  7 12 18 28
 5  7 18 27 31
 5  8 12 27 33
 5  8 17 18 26
 5 11 17 25 27
 6  7  8 17 28
 6  8 11 30 33
 6  8 12 18 25
 6  8 12 30 31
 6 11 12 27 28
 6 17 25 26 30
 6 17 27 30 31
 6 18 26 28 31
 7  8 11 17 31
 7  8 11 18 27
 7 11 12 25 33
 7 11 25 31 33
 7 12 17 26 27
 7 27 28 30 33
 8 12 26 28 30
 8 17 25 26 31
 8 27 28 31 33
 9 10 13 21 22
 9 10 14 20 34
 9 10 15 24 29
 9 10 16 32 35
 9 13 14 19 35
 9 13 15 16 23
 9 13 29 32 34
 9 14 16 21 24
 9 14 22 23 29
 9 15 19 21 34
 9 15 20 22 35
 9 16 19 20 29
 9 19 22 24 32
 9 20 21 23 32
 9 23 24 34 35
10 13 14 24 32
10 13 16 19 34
10 13 20 23 29
10 14 15 19 22
10 14 21 23 35
10 15 16 20 21
10 15 23 32 34
10 16 22 23 24
10 19 20 24 35
10 19 21 29 32
10 22 29 34 35
11 17 26 28 33
11 18 25 28 30
12 17 18 30 33
12 17 18 31 33
12 25 26 27 31
13 14 15 21 29
13 14 16 20 22
13 15 19 20 32
13 15 22 24 34
13 16 24 29 35
13 19 21 23 24
13 20 21 34 35
13 22 23 32 35
14 15 16 34 35
14 15 20 23 24
14 16 19 23 32
14 19 24 29 34
14 20 29 32 35
14 21 22 32 34
15 16 22 29 32
15 19 23 29 35
15 21 24 32 35
16 19 21 22 35
16 20 24 32 34
16 21 23 29 34
18 25 26 27 33
18 25 28 30 31
19 20 22 23 34
20 21 22 24 29