1  2  3 13 19
1  2  4 17 18
1  2  5  7 12
1  2 11 15 16
1  3  6 11 17
1  4  6  9 19
1  4  7 10 14
1  5  6 10 12
1  6  8 14 20
1  6  9 14 16
1  7  8 16 19
1  7  9 10 20
1  7 13 15 18
2  3  7 11 17
2  3  8 10 15
2  4  6 10 14
2  4  7  9 19
2  5  6  7 10
2  6  7 10 12
2  6  8 16 19
2  6  9 10 20
2  6 13 15 18
2  7  8  9 16
2  7  8 14 20
3  4  5 15 20
3  4  8 12 17
3  4 13 14 16
3  5  8  9 18
3  5 14 16 18
3  6  7 13 19
3  9 11 16 19
3  9 12 14 15
3 10 11 13 18
3 10 16 17 18
3 12 16 18 20
4  5  8 11 13
4  5 12 16 20
4  6  7 17 18
4  8  9 13 20
4  8 12 15 18
4  9 10 15 16
4 10 11 16 17
4 10 15 18 19
4 11 12 13 20
5  8  9 15 17
5  8 12 13 17
5  9 11 13 14
5 10 11 12 19
5 11 18 19 20
5 13 16 17 20
5 14 15 17 19
6  7 11 15 16
8  9 11 12 18
8 10 11 17 18
8 10 13 16 18
8 10 14 19 20
8 11 14 15 20
9 12 13 17 18
9 14 17 18 20
10 13 15 17 19
1 12 14 18 19
2 13 14 16 17
2 15 17 19 20