 1   7   9  11  15
 1   4   8  14  15
 5   9  11  13  19
 3   4   5  14  18
 3   4   6   8  16
 7  10  14  17  18
 2   6  15  17  19
 1   2   3   7  13
 2   5   8  10  15
 1  10  12  13  16
 3   6  16  18  19
 1   6   8  12  18
 3   9  10  17  19
 4  12  13  16  17
 4  10  11  17  20
 9  14  15  16  20
 3   4   5   7  15
 1  15  16  18  20
 8   9  13  18  20
 2  13  14  19  20
 1   5   6   9  16
 4  10  11  18  19
 5   6  11  12  14
 2   4   9  12  18
 3   9  12  15  19
 2   7  11  14  16
 5   7   8  16  19
 6   7   9  14  17
 1   3   5  17  20
11  13  15  17  18
 2   3   8  11  12
 3   6  10  11  20
 5   7  12  19  20
 7   8   9  10  14
 1   2   4   6  20
 2   5   8  17  18
 4   8  11  15  17
 6   7  10  13  15
 1   8  14  17  19
