1  2  4 18 22
1  2  7 21 22
1  2  8 11 22
1  2 16 22 24
1  4  7 18 21
1  4  8 11 18
1  4 16 18 24
1  7  8 11 21
1  7 16 21 24
1  8 11 16 24
2  4  7  8 24
2  4  7 11 16
2  4  8 16 21
2  7  8 16 18
2 11 18 21 24
3  5  6 10 17
3  5  9 10 13
3  5 10 12 20
3  5 10 14 23
3  5 10 15 19
3  6  9 13 14
3  6 12 15 23
3  6 19 20 23
3  9 12 13 19
3  9 13 15 20
3  9 13 17 23
3 12 14 17 20
3 12 15 19 20
3 14 15 17 19
4  7  8 16 22
4 11 21 22 24
5  6  9 17 23
5  6 12 17 19
5  6 13 14 17
5  6 15 17 20
5  9 12 14 15
5  9 14 19 20
5 12 13 20 23
5 13 15 19 23
6  9 10 12 20
6  9 10 15 19
6 10 13 14 23
6 12 13 14 19
6 13 14 15 20
7 11 18 22 24
8 18 21 22 24
9 10 14 17 23
9 12 17 19 23
9 15 17 20 23
10 12 13 15 17
10 12 14 19 23
10 13 17 19 20
10 14 15 20 23
11 16 18 21 22