1  2  4 14 21 22
 1  2  7 23 30 31
 1  2  9 12 16 25
 1  3  5  6  7 23
 1  3 10 20 24 27
 1  3 12 16 17 30
 1  4  6  8 22 29
 1  4  7 10 24 32
 1  4  9 15 18 22
 1  4 11 22 25 26
 1  4 12 16 22 32
 1  4 13 22 28 29
 1  4 14 22 30 31
 1  5 10 17 19 27
 1  5 12 16 17 24
 1  6  8 10 13 27
 1  7  8 17 20 23
 1  7 13 19 23 24
 1  7 14 23 26 28
 1  7 18 21 23 29
 1  9 10 11 27 29
 1 10 12 23 27 32
 1 10 15 25 27 28
 1 10 18 26 27 30
 1 11 12 14 15 16
 1 12 16 18 28 31
 1 12 16 19 20 28
 1 12 16 21 26 31
 2  3  5  8 28 30
 2  3  8 15 19 26
 2  3  9 11 18 29
 2  3 13 15 21 32
 2  3 15 24 29 31
 2  4  9 10 23 25
 2  4 16 27 30 31
 2  5  6 20 26 29
 2  5  8 11 18 32
 2  5 11 15 29 30
 2  5 13 17 18 25
 2  6  8 11 18 20
 2  6  9 17 28 32
 2  6 11 19 25 28
 2  6 14 18 24 25
 2  6 15 20 31 32
 2  7  9 22 25 27
 2  7 10 14 16 21
 2  8 14 19 25 29
 2  8 17 20 24 26
 2  9 20 21 24 28
 2 10 12 22 30 31
 2 11 13 17 28 30
 2 11 18 19 24 31
 2 12 14 21 23 27
 2 13 20 25 26 32
 2 14 21 26 30 31
 2 15 17 19 29 32
 3  4  5  6 16 27
 3  4  7 12 20 24
 3  4 10 17 23 30
 3  4 10 19 20 23
 3  5  6 10 12 22
 3  5  8 14 18 19
 3  5 14 25 29 32
 3  5 15 24 25 30
 3  6  8 13 14 17
 3  6 18 21 26 31
 3  7 17 22 27 30
 3  7 19 20 22 27
 3  8  9 11 13 31
 3  8  9 21 24 32
 3  8 14 18 25 32
 3  9 11 14 19 26
 3  9 13 17 20 28
 3 11 20 21 28 32
 3 13 14 18 20 24
 3 13 15 17 25 26
 3 16 20 22 23 24
 3 19 21 25 29 31
 3 19 24 26 29 32
 3 20 29 30 31 32
 4  5  7 12 17 19
 4  5 10 20 23 24
 4  6  7  8 12 13
 4  7  9 11 12 29
 4  7 12 15 25 28
 4  7 12 18 26 30
 4  8 16 17 20 27
 4 10 11 14 15 23
 4 10 18 23 28 31
 4 10 21 23 26 31
 4 13 16 19 24 27
 4 14 16 26 27 28
 4 16 18 21 27 29
 4 22 23 24 27 32
 5  6 13 14 28 32
 5  7 20 22 24 27
 5  8  9 13 24 26
 5  8 15 26 31 32
 5  8 21 25 30 32
 5  9 14 20 31 32
 5  9 19 21 28 30
 5 11 13 20 25 31
 5 11 17 21 24 28
 5 13 15 20 21 30
 5 14 17 18 20 32
 5 16 17 19 22 23
 5 17 18 29 30 31
 6  7 10 13 16 29
 6  8 13 16 22 23
 6  9 11 15 17 18
 6  9 14 15 19 24
 6  9 17 19 24 31
 6  9 17 21 26 32
 6  9 20 25 28 30
 6 11 17 25 31 32
 6 11 18 19 21 32
 6 11 21 24 28 30
 6 12 23 27 28 29
 6 13 19 26 29 30
 6 14 20 21 25 29
 6 15 21 24 25 26
 6 15 24 28 30 32
 7  8 10 16 28 29
 7  9 10 15 16 18
 7 10 11 16 25 26
 7 10 14 16 30 31
 7 10 16 22 23 32
 7 11 14 15 22 27
 7 12 16 24 27 32
 7 18 22 27 28 31
 7 21 22 26 27 31
 8  9 14 19 28 32
 8  9 24 25 30 31
 8 10 12 17 20 22
 8 11 13 21 24 28
 8 11 15 19 20 30
 8 12 13 23 27 29
 8 14 15 17 18 24
 8 15 17 19 21 31
 8 17 26 28 29 31
 9 11 15 20 26 29
 9 11 16 22 23 29
 9 12 15 18 23 27
 9 13 14 17 21 25
 9 13 19 25 30 32
10 12 13 19 22 24
10 12 14 22 26 28
10 12 18 21 22 29
11 12 23 25 26 27
11 13 14 18 30 32
12 14 23 27 30 31
13 15 17 19 31 32
14 15 18 28 29 31
14 17 24 25 29 30
15 16 22 23 25 28
16 18 22 23 26 30
18 19 20 25 26 28