1  3  5  8 14
 1  3  9 14 19
 1  3 13 14 22
 1  3 14 15 17
 1  5  9 17 22
 1  5 13 17 19
 1  5 15 19 22
 1  8  9 13 15
 1  8 17 19 22
 2  4  6 10 21
 2  4  7 10 18
 2  4 10 11 16
 2  4 10 12 20
 2  6  7 11 12
 2  6 11 18 20
 2  6 12 16 18
 2  7 16 20 21
 2 11 12 18 21
 3  5  9 13 15
 3  5 17 19 22
 3  8  9 13 17
 3  8  9 15 22
 3  8 13 15 19
 4  6  7 18 21
 4  6 11 16 21
 4  6 12 20 21
 4  7 11 16 18
 4  7 12 18 20
 4 11 12 16 20
 5  8  9 14 19
 5  8 13 14 22
 5  8 14 15 17
 6  7 10 16 20
 6 10 11 12 18
 7 10 11 20 21
 7 10 12 16 21
 9 13 14 19 22
 9 14 15 17 19
10 16 18 20 21
13 14 15 17 22