 1  2  3 11 21
 1  2  4 15 19
 1  2  5 18 24
 1  2  8 13 14
 1  2  9 10 12
 1  3  4 10 23
 1  3  6 13 18
 1  3  7  8 20
 1  4  5 12 13
 1  4  9 14 17
 1  5  6 13 19
 1  5 14 16 21
 1  5 17 23 24
 1  5 18 20 22
 1  6  8 15 20
 1  6 16 22 23
 1  7  8 18 25
 1  7  9 19 24
 1  7 11 21 24
 1  7 12 14 19
 1  8  9 11 22
 1  9 15 21 23
 1  9 19 20 25
 1 10 11 15 16
 1 10 14 22 24
 1 11 18 23 25
 1 12 16 18 24
 1 12 17 22 25
 1 13 16 17 25
 1 17 19 21 22
 2  3  5 14 18
 2  3  9 15 16
 2  3 10 16 22
 2  3 11 12 25
 2  4  5  7 16
 2  4  6 18 21
 2  4 11 13 20
 2  4 11 17 22
 2  5  6 22 25
 2  5  8 21 22
 2  6  7 10 15
 2  6  7 12 17
 2  6 14 20 23
 2  6 19 20 24
 2  7 10 18 19
 2  7 13 22 23
 2  8  9 10 11
 2  8 16 20 22
 2  9 14 17 20
 2  9 23 24 25
 2 10 17 20 24
 2 10 18 23 25
 2 12 14 15 24
 2 13 16 19 21
 2 15 17 18 23
 3  4  6 24 25
 3  4  8 11 16
 3  4  8 18 24
 3  4 13 21 24
 3  5  6 16 20
 3  5  9 19 22
 3  5 14 15 25
 3  6  8 19 23
 3  6 12 14 23
 3  7  9 11 24
 3  7 10 12 21
 3  7 14 20 22
 3  7 16 19 25
 3  8 13 17 22
 3  9 10 13 25
 3  9 18 22 23
 3 10 11 17 19
 3 11 15 22 23
 3 12 15 17 24
 3 15 18 20 21
 3 17 21 23 25
 4  5  6 17 20
 4  5  9 16 22
 4  5 10 21 24
 4  5 10 23 25
 4  6  7  8 13
 4  6  9 11 12
 4  6 13 14 15
 4  7  9 11 15
 4  7 10 17 18
 4  7 12 19 22
 4  8 12 21 23
 4  8 15 21 25
 4  9 12 14 20
 4 10 12 13 19
 4 10 14 19 23
 4 11 14 18 25
 4 16 17 19 20
 4 20 21 23 24
 5  6 11 13 24
 5  6 15 18 19
 5  7  9 10 13
 5  7 11 19 23
 5  7 13 15 17
 5  7 20 21 25
 5  8  9 14 22
 5  8 10 14 20
 5  8 12 16 19
 5  8 17 19 25
 5  9 11 12 18
 5 10 12 17 23
 5 11 12 15 20
 5 13 16 18 23
 6  7  9 21 22
 6  7 11 14 25
 6  7 14 18 24
 6  8  9 10 16
 6  8 10 17 22
 6  9 13 17 23
 6 10 18 21 25
 6 11 16 17 21
 6 12 21 22 24
 6 12 21 23 25
 7  8 12 24 25
 7  8 14 21 23
 7  9 16 20 23
 7 15 16 22 24
 8  9 12 18 19
 8  9 16 17 21
 8 10 15 19 21
 8 11 13 18 21
 8 11 14 17 20
 8 13 15 23 24
 9 11 14 19 21
 9 13 18 20 24
 9 15 17 24 25
10 11 15 20 22
10 11 16 23 24
10 12 13 20 21
10 14 15 16 18
10 14 21 22 25
11 12 13 14 16
11 16 18 20 25
11 18 19 22 24
12 13 15 18 22
12 15 16 23 25
12 18 19 20 23
13 14 17 19 22
13 15 19 20 25
13 20 22 23 25
14 16 17 18 21
14 16 19 24 25
