1  3  5  9 21
1  3  6  8 23
1  3 14 22 24
1  3 16 18 26
1  5  6 14 18
1  5  8 22 26
1  5 16 23 24
1  6  9 24 26
1  6 16 21 22
1  8  9 16 18
1  8 14 16 18
1  8 18 21 24
1  9 14 22 23
1 14 18 22 23
1 14 21 23 26
2  4  7 13 19
2  4 10 11 25
2  4 11 12 20
2  4 15 17 27
2  7 10 12 25
2  7 11 13 15
2  7 17 20 27
2 10 13 20 25
2 10 15 19 25
2 10 17 25 27
2 11 17 19 27
2 12 13 17 27
2 12 15 19 20
3  5  6 21 24
3  5  6 21 26
3  5  8 18 22
3  5 14 16 23
3  6  9 16 22
3  6 14 18 21
3  8  9 14 26
3  8 16 21 24
3  9 18 23 24
3 21 22 23 24
3 22 23 24 26
4  7 10 12 15
4  7 11 17 25
4  7 15 20 27
4 10 11 13 27
4 10 17 19 20
4 11 15 19 25
4 12 13 15 17
4 12 19 25 27
4 13 15 20 25
5  6  8 16 23
5  6  8 22 23
5  6  9 14 18
5  8  9 22 24
5  8 14 21 22
5  8 16 22 23
5  9 16 23 26
5 14 18 24 26
5 16 18 21 23
6  8  9 21 23
6  8 14 23 24
6  8 18 23 26
6 14 16 22 26
6 16 18 22 24
7 10 11 12 19
7 10 12 13 17
7 10 12 20 27
7 11 19 20 27
7 13 20 25 27
7 15 17 19 25
8 16 21 24 26
9 14 16 21 24
9 18 21 22 26
10 11 15 17 20
10 13 15 19 27
11 12 13 17 19
11 12 15 25 27
11 13 19 20 25
12 13 17 20 25