01 02 03 04 05
01 02 03 04 06
01 02 03 04 07
01 02 03 04 08
01 02 03 05 06
01 02 03 05 07
01 02 03 05 08
01 02 03 06 07
01 02 03 06 08
01 02 03 07 08
01 02 04 05 06
01 02 04 05 07
01 02 04 05 08
01 02 04 06 07
01 02 04 06 08
01 02 04 07 08
01 02 05 06 07
01 02 05 06 08
01 02 05 07 08
01 02 06 07 08
01 03 04 05 06
01 03 04 05 07
01 03 04 05 08
01 03 04 06 07
01 03 04 06 08
01 03 04 07 08
01 03 05 06 07
01 03 05 06 08
01 03 05 07 08
01 03 06 07 08
01 04 05 06 07
01 04 05 06 08
01 04 05 07 08
01 04 06 07 08
01 05 06 07 08
02 03 04 05 06
02 03 04 05 07
02 03 04 05 08
02 03 04 06 07
02 03 04 06 08
02 03 04 07 08
02 03 05 06 07
02 03 05 06 08
02 03 05 07 08
02 03 06 07 08
02 04 05 06 07
02 04 05 06 08
02 04 05 07 08
02 04 06 07 08
02 05 06 07 08
03 04 05 06 07
03 04 05 06 08
03 04 05 07 08
03 04 06 07 08
03 05 06 07 08
04 05 06 07 08