1  2  3  7 16 24
1  2  3 11 15 18
1  2  4 12 18 20
1  2 15 20 21 22
1  3  5  7 10 19
1  3  6 13 16 19
1  3  8 19 23 24
1  3 11 14 17 20
1  4  9 12 17 21
1  5  8  9 10 13
1  5  8 16 17 20
1  5 13 14 16 23
1  6  7  8 14 23
1  6 10 14 16 24
1  9 11 15 17 18
1  9 11 17 19 22
2  3  4 11 12 21
2  3  5  6 17 24
2  5  7  9 10 14
2  5 13 17 19 23
2  6  7  8 17 19
2  6  9 13 14 16
2  7  9 14 16 19
2  8  9 14 23 24
2  9 11 14 20 22
2 10 16 17 19 24
2 10 19 20 22 23
3  4 14 15 17 22
3  5  9 13 20 23
3  6  7  8  9 20
3  8 10 13 14 22
3  9 10 16 20 24
3 12 14 15 17 22
3 14 17 18 21 22
4  5  6 12 15 24
4  5  6 18 21 24
4  5  8 11 16 22
4  6 10 11 22 23
4  7 11 13 22 24
4  7 15 16 18 23
4  8 10 12 13 15
4  8 10 13 18 21
4  9 15 18 19 24
4 12 14 19 20 21
5  6 11 12 21 24
5  6 11 15 18 24
5  6 14 19 22 24
5  7 10 17 20 24
5  8 12 16 18 22
5  8 15 16 21 22
6  7 13 16 17 20
6  9 10 15 21 23
6 10 12 18 22 23
7 10 16 17 22 23
7 11 12 15 16 23
7 11 16 18 21 23
7 12 13 18 22 24
7 13 15 21 22 24
8 10 11 12 13 21
8 13 17 20 23 24
9 12 15 18 19 21
11 14 15 18 19 20