1  2  3  6 15 21
1  2  4 18 20 23
1  2  5  8 16 24
1  2  5 10 17 19
1  2  7 13 15 20
1  2  8  9 14 22
1  2  9 10 11 12
1  3  4  5 11 14
1  3  7 12 16 22
1  3  7 12 18 19
1  3  7 16 18 22
1  3  7 16 19 22
1  3  8 10 13 20
1  3  9 17 23 24
1  3 12 16 18 19
1  3 12 18 19 22
1  4  5  7  9 23
1  4  6 12 13 24
1  4  8 15 19 24
1  4 10 15 16 17
1  4 13 17 21 22
1  5  6 20 22 24
1  5  9 13 15 18
1  5 12 17 20 21
1  6  7  8 10 21
1  6  8 11 17 18
1  6  9 14 16 20
1  6 13 14 19 23
1  7 11 14 17 24
1  8 12 14 15 23
1  9 11 19 20 21
1 10 11 15 22 23
1 10 14 18 21 24
1 11 13 16 21 23
2  3  4  7 10 24
2  3  4 12 14 21
2  3  5  9 19 20
2  3  6 10 13 16
2  3  8 11 22 23
2  3 11 17 18 20
2  4  5 12 15 22
2  4  6 11 16 19
2  4  8 13 14 17
2  4  9 13 14 17
2  4 14 16 18 21
2  5  6 10 14 23
2  5  6 13 14 17
2  5  7 11 18 21
2  5 12 13 18 23
2  6  7  8 12 20
2  6  7 17 22 23
2  6  9 18 22 24
2  7  8  9 14 19
2  7  9 15 16 23
2  8 10 15 18 19
2  8 13 14 17 21
2  9 13 14 17 21
2 10 13 14 17 23
2 10 16 20 21 22
2 11 13 14 15 17
2 11 13 19 22 24
2 12 15 16 17 24
2 12 19 21 23 24
2 13 14 17 20 24
3  4  5  8 10 18
3  4  6 17 20 22
3  4  9 11 16 24
3  4 13 15 19 23
3  5  6 11 12 15
3  5  7  8 15 17
3  5 13 21 22 24
3  5 14 16 17 23
3  6  7  9 11 13
3  6  8 14 19 24
3  6  9 18 21 23
3  7 14 20 21 23
3  8  9 12 13 17
3  8 15 16 20 21
3  9 10 14 15 22
3 10 11 17 19 21
3 10 12 20 23 24
3 13 14 15 18 24
4  5  6  8  9 21
4  5  6 10 21 23
4  5  7 13 16 20
4  5 17 18 19 24
4  6  7 14 15 18
4  6  8 12 16 23
4  6  9 10 19 22
4  7  8 11 20 22
4  7 11 12 17 23
4  7 13 17 19 21
4  8  9 10 21 23
4  8  9 11 15 21
4  8  9 20 21 24
4  9 12 15 18 20
4 10 11 13 18 22
4 10 12 14 19 20
4 11 15 20 21 24
4 14 16 22 23 24
5  6  7 19 20 24
5  6  8  9 10 23
5  6 10 13 17 23
5  6 11 15 16 18
5  7  9 12 14 24
5  7 10 13 14 22
5  8 11 12 13 19
5  8 14 18 20 22
5  8 19 21 22 23
5  9 10 12 16 21
5  9 11 16 17 22
5 10 11 15 20 23
5 10 11 15 23 24
5 14 15 16 19 21
6  7 16 17 21 24
6  8 13 15 16 22
6  9 12 15 17 19
6 10 11 15 20 23
6 10 11 15 23 24
6 10 12 14 17 18
6 11 12 14 21 22
6 13 18 19 20 21
7  8 10 11 14 16
7  8 13 18 23 24
7  9 10 17 18 20
7  9 15 21 22 24
7 10 11 15 19 23
7 10 12 13 15 21
7 11 12 15 20 24
7 12 16 18 19 22
8  9 11 15 20 24
8  9 13 16 17 18
8 10 12 17 22 24
8 11 12 18 21 24
8 16 17 19 20 23
9 10 13 16 19 24
9 11 14 18 19 23
9 12 13 20 22 23
10 16 18 20 23 24
11 12 13 14 16 20
11 15 18 20 22 24
14 15 17 19 20 22
15 17 18 21 22 23