1  2  3  5  6
 1  2  4 17 18
 1  2 11 15 17
 1  3  4  8 11
 1  3  8 14 17
 1  4  5  6 17
 1  5  8 12 15
 1  6  8 13 18
 1  7  9 12 13
 1  7 10 15 16
 1  7 11 14 18
 1  9 14 15 16
 1 10 12 13 16
 2  3 10 12 14
 2  4  5 13 15
 2  4  9 11 16
 2  5  7  8 12
 2  6  8  9 10
 2  6 11 15 18
 2  7 13 14 18
 2  8 11 13 16
 2  9 12 16 17
 3  4  6  7 16
 3  4  9 10 18
 3  5  9 13 14
 3  7  8  9 15
 3  7 11 13 17
 3  8 12 17 18
 3 10 11 13 15
 3 15 16 17 18
 4  5  7 16 18
 4  5 11 12 16
 4  6 12 13 14
 4  7 10 12 15
 4  8  9 14 15
 4  8 10 13 17
 4  9 10 14 17
 5  6 13 15 17
 5  7 10 11 14
 5  8 10 16 18
 5  9 10 11 17
 5  9 11 13 18
 5 12 14 16 17
 6  7  9 16 17
 6  7 10 14 17
 6  8 11 14 16
 6  9 10 11 12
 6 12 14 15 18