 1  2  4  6  7 16
 1  2 11 12 14 18
 1  3  6  8 10 14
 1  3  7 12 15 17
 1  4  5 10 11 13
 1  5  8  9 15 16
 1  7  9 13 17 18
 2  3  5  9 13 18
 2  3  7  8  9 10
 2  3 13 14 15 16
 2  4  8 12 13 17
 2  5  6 10 15 17
 2  6  7 11 12 16
 3  4  6  8 16 18
 3  4  9 11 12 15
 3  5  7 12 13 16
 3 10 11 16 17 18
 4  5  9 14 16 17
 4  7 10 14 15 18
 5  6 11 12 14 18
 5  7  8 11 14 17
 6  7  9 10 12 13
 6  8 11 13 15 18
 6  9 11 13 14 17
 8 10 12 14 16 18
19 20 21 22 23 24
19 20 21 27 29 30
19 20 25 26 27 28
19 21 24 25 28 30
19 21 24 26 27 29
19 22 23 25 28 29
19 22 23 26 27 30
20 21 23 25 27 30
20 21 23 26 28 29
20 22 24 25 27 29
20 22 24 26 28 30
21 22 23 24 27 28
21 22 25 26 29 30
21 23 24 25 26 27
23 24 27 28 29 30