1  2  4 14 21 22
 1  2  7 18 23 28
 1  2  9 12 16 25
 1  3  5  6  7 23
 1  3 10 20 24 27
 1  3 12 16 17 28
 1  3 12 16 19 20
 1  4  5 12 16 24
 1  4  6  8 22 29
 1  4  9 11 12 30
 1  4  9 15 18 22
 1  4 11 22 25 26
 1  4 13 22 28 29
 1  5 10 17 19 27
 1  6  8 10 13 27
 1  7  8 17 20 23
 1  7 12 21 23 29
 1  7 13 19 23 24
 1  7 14 23 26 28
 1  7 22 23 27 28
 1  9 10 11 27 29
 1 10 15 16 25 30
 1 10 15 25 27 28
 1 11 12 14 15 16
 1 12 16 18 21 26
 1 14 22 26 27 30
 2  3  5 18 29 30
 2  3  8 15 19 26
 2  3 11 13 17 18
 2  4  9 10 23 25
 2  4 16 18 27 28
 2  5  6  8 17 30
 2  5  8 11 18 24
 2  5 13 15 20 26
 2  5 17 18 19 29
 2  6  8 13 14 25
 2  6 11 18 19 20
 2  6 15 17 24 26
 2  7  9 22 25 27
 2  7 10 14 16 21
 2  9 14 25 28 30
 2  9 18 20 24 29
 2 10 12 22 26 28
 2 11 15 21 26 29
 2 12 14 21 23 27
 2 13 18 19 24 30
 2 17 18 20 21 30
 3  4  5  6 16 27
 3  4  7 12 20 24
 3  4 10 19 23 28
 3  5  6  9 11 28
 3  5  6 10 12 22
 3  5  6 13 21 30
 3  5  8 20 28 30
 3  5 13 21 24 28
 3  7 17 22 24 27
 3  8  9 11 19 21
 3  8 14 18 19 25
 3  9 13 14 17 26
 3 13 15 17 21 25
 3 14 15 20 24 29
 3 16 20 22 23 24
 3 17 19 24 29 30
 3 20 24 25 26 29
 4  5  7 12 17 19
 4  5 10 17 23 24
 4  5 10 20 22 23
 4  6  7  8 12 13
 4  7  9 11 12 29
 4  7 10 14 26 30
 4  7 12 15 25 28
 4  8 16 17 20 27
 4 10 11 14 15 23
 4 10 18 21 23 26
 4 13 16 19 24 27
 4 14 16 26 27 28
 4 15 22 23 25 30
 4 16 21 23 27 29
 5  7 19 20 22 27
 5  8  9 14 24 26
 5  8 15 21 24 25
 5  9 11 13 20 21
 5 13 14 18 20 25
 5 14 15 17 19 29
 5 16 17 19 22 23
 5 17 19 25 26 29
 5 19 20 24 29 30
 6  7 10 13 16 29
 6  8 13 15 18 26
 6  8 13 16 22 23
 6  8 18 24 28 30
 6  8 19 21 28 30
 6  9 11 17 21 24
 6  9 14 19 20 26
 6 12 23 27 28 29
 6 13 17 20 28 30
 6 14 17 18 24 25
 6 15 19 20 21 25
 7  8 10 16 28 29
 7  9 10 15 16 18
 7  9 11 16 22 30
 7 10 11 16 25 26
 7 11 14 15 22 27
 7 12 15 25 27 30
 7 18 21 22 26 27
 8  9 17 20 21 28
 8 10 12 17 20 22
 8 11 17 20 21 28
 8 12 13 23 27 29
 8 13 19 21 24 30
 9 10 11 23 27 30
 9 11 13 19 24 28
 9 11 14 15 29 30
 9 11 16 22 23 29
 9 11 25 26 29 30
 9 12 15 18 23 27
10 12 13 19 22 24
10 12 14 18 22 28
10 12 21 22 27 29
11 12 23 25 26 27
12 14 16 23 26 30
14 15 18 25 26 28
14 18 21 25 28 29
15 16 22 23 25 28