1  2  3  9 10 14
1  2  4  7 11 13
1  2  5  6  9 10
1  2  6  8 12 15
1  3  4 10 11 12
1  3  5  8 10 13
1  3  6  7 10 15
1  4  5  6 11 15
1  4  8  9 11 14
1  5  7  8 12 13
1  5  7  9 12 14
1  6  9 13 14 15
2  3  4  8  9 15
2  3  4 13 14 15
2  3  5  8 12 14
2  3  6  7 11 14
2  4  5  6  9 13
2  4  8 10 12 13
2  5  7 10 11 15
2  7  8  9 11 12
3  4  5  6  7  8
3  5  8  9 11 15
3  6  7  9 12 13
3  6 11 12 13 15
4  5  6 10 12 14
4  7  9 10 11 14
4  7  9 10 12 15
5 11 12 13 14 15
6  8  9 10 11 13
6  8 14 21 23 29
7  8 10 13 14 15
16 17 18 24 25 29
16 17 19 22 26 28
16 17 20 21 24 25
16 17 21 23 27 30
16 18 19 25 26 27
16 18 20 23 25 28
16 18 21 22 25 30
16 19 20 21 26 30
16 19 23 24 26 29
16 20 22 23 27 28
16 20 22 24 27 29
16 21 24 28 29 30
17 18 19 23 24 30
17 18 19 28 29 30
17 18 20 23 27 29
17 18 21 22 26 29
17 19 20 21 24 28
17 19 23 25 27 28
17 20 22 25 26 30
17 22 23 24 26 27
18 19 20 21 22 23
18 20 23 24 26 30
18 21 22 24 27 28
18 21 26 27 28 30
19 20 21 25 27 29
19 22 24 25 26 29
19 22 24 25 27 30
20 26 27 28 29 30
21 23 24 25 26 28
22 23 25 28 29 30