1  2  3  7 14
1  2  4 10 16
1  2  5  8  9
1  2  6 13 17
1  2 11 12 15
1  3  4  6 12
1  3  5 10 13
1  3  8 11 16
1  3  9 15 17
1  4  5 14 15
1  4  7  8 17
1  4  9 11 13
1  5  6  7 11
1  5 12 16 17
1  6  8 10 15
1  6  9 14 16
1  7  9 10 12
1  7 13 15 16
1  8 12 13 14
1 10 11 14 17
2  3  4  8 15
2  3  5 11 17
2  3  6  9 10
2  3 12 13 16
2  4  5  7 13
2  4  6 11 14
2  4  9 12 17
2  5  6 15 16
2  5 10 12 14
2  6  7  8 12
2  7  9 11 16
2  7 10 15 17
2  8 10 11 13
2  8 14 16 17
2  9 13 14 15
3  4  5  9 16
3  4  7 10 11
3  4 13 14 17
3  5  6  8 14
3  5  7 12 15
3  6  7 16 17
3  6 11 13 15
3  7  8  9 13
3  8 10 12 17
3  9 11 12 14
3 10 14 15 16
4  5  6 10 17
4  5  8 11 12
4  6  7  9 15
4  6  8 13 16
4  7 12 14 16
4  8  9 10 14
4 10 12 13 15
4 11 15 16 17
5  6  9 12 13
5  7  8 10 16
5  7  9 14 17
5  8 13 15 17
5  9 10 11 15
5 11 13 14 16
6  7 10 13 14
6  8  9 11 17
6 10 11 12 16
6 12 14 15 17
7  8 11 14 15
7 11 12 13 17
8  9 12 15 16
9 10 13 16 17