 1   7  15  19  21
10  11  12  13  20
 2   4   8  14  18
 3   5   6  16  17
 4   9  16  20  21
 1   2   3   9  10
 5   8   9  11  19
 6   9  13  14  15
 7   9  12  17  18
 3  11  13  18  21
 2   4   6  12  19
 5   7  10  14  20
 1   8  12  15  16
 2  11  15  17  20
 6   8  10  17  21
 1   4   5  13  17
10  14  16  18  19
 2   7   8  13  16
 3   4   7  11  14
 1   5   6  18  20
 2   5  12  14  21
 3   8  15  19  20
 4   5  10  15  18
 1   6   7  11  16
 1  13  14  17  19
 3   4   6   7  12
 3  12  15  16  17
 2  13  16  18  19
 4  10  11  19  21
 1   3   8  14  20
 8   9  11  12  18
 2   5   7  15  21
 3   7   9  19  20
 6  17  18  20  21
 5  10  12  13  16
 4   8   9  11  17
 1  12  14  15  21
 7   8  10  13  15
 2  10  11  16  17
 2   8  13  20  21
 3   5   6  11  19
 1   2   3   4  18
 5   9  12  14  17
 7   8  16  19  21
 2   6   7  16  20
 3   4   7   8  20
 2   9  15  19  21
 1   4  11  14  15
