1  2  4 15 22
 1  2  5  7 18
 1  2  5 12 13
 1  2  9 19 23
 1  2 10 18 20
 1  2 21 22 24
 1  3  4 13 24
 1  3  6  8 25
 1  3  7 10 15
 1  3  9 11 21
 1  3 12 22 26
 1  3 14 16 24
 1  4  7  9 21
 1  4 12 17 23
 1  5  6  7 12
 1  5  7 22 23
 1  5  8 15 20
 1  5 12 18 19
 1  5 13 15 25
 1  6  7 17 18
 1  6 10 11 21
 1  6 14 15 26
 1  7  8 11 19
 1  8  9 10 14
 1  8 13 20 22
 1  8 21 23 26
 1  9 11 20 26
 1  9 15 17 24
 1  9 16 18 25
 1 10 16 17 26
 1 11 12 17 18
 1 11 16 18 23
 1 12 17 20 25
 1 13 14 17 21
 1 13 24 25 26
 1 16 19 20 24
 2  3  5  7 15
 2  3  6 18 24
 2  3  8 10 17
 2  3 11 16 26
 2  4  5 11 25
 2  4  6 21 23
 2  4  8  9 20
 2  4 14 20 23
 2  4 15 20 24
 2  5  6 22 26
 2  5  8 13 16
 2  6 10 16 25
 2  7  8 10 11
 2  7 12 14 16
 2  7 15 17 26
 2  7 19 20 25
 2  8 15 19 21
 2  9 12 21 26
 2  9 14 18 19
 2  9 16 17 22
 2 10 13 23 24
 2 11 14 15 22
 2 12 13 17 19
 2 12 18 23 25
 2 13 18 20 21
 2 14 17 24 25
 3  4  7 14 25
 3  4  9 23 24
 3  4 11 15 22
 3  4 12 16 19
 3  5  6 17 21
 3  5  8 11 19
 3  5 12 24 26
 3  5 18 20 22
 3  6 10 13 23
 3  6 14 20 21
 3  6 19 22 23
 3  7  8 13 21
 3  7 12 20 23
 3  8  9 15 16
 3  9 10 11 18
 3  9 13 17 25
 3  9 14 20 25
 3 10 19 21 25
 3 11 14 21 23
 3 11 17 20 24
 3 12 13 14 15
 3 13 16 22 25
 3 17 18 19 26
 4  5  6 15 16
 4  5  7 11 26
 4  5  8 10 16
 4  5  9 11 14
 4  6  9 18 26
 4  6 16 22 24
 4  6 19 20 25
 4  7 13 18 22
 4  8 11 18 21
 4  8 13 17 26
 4  9 10 15 25
 4 10 12 23 25
 4 10 13 20 26
 4 10 19 24 26
 4 12 13 21 26
 4 13 19 21 23
 4 14 16 18 20
 4 14 17 19 22
 4 17 18 21 24
 5  6  8  9 24
 5  6 11 12 20
 5  7  9 19 26
 5  7 14 17 20
 5  9 10 20 23
 5  9 12 21 22
 5 10 13 18 25
 5 10 14 15 21
 5 10 19 22 24
 5 11 16 24 26
 5 13 20 21 24
 5 14 16 23 25
 5 15 17 18 23
 5 16 21 25 26
 6  7  8 16 20
 6  7  9 11 13
 6  7 10 12 17
 6  7 21 25 26
 6  8 10 12 15
 6  8 14 18 22
 6  9 12 13 16
 6  9 13 15 22
 6 10 13 14 19
 6 11 14 16 17
 6 11 19 20 26
 6 12 14 19 21
 6 17 20 23 24
 7  8 10 18 23
 7  8 12 24 25
 7  8 14 15 23
 7  8 14 18 24
 7  9 18 22 24
 7 11 16 18 19
 7 11 17 21 22
 7 12 15 20 22
 7 13 16 17 23
 7 15 19 23 24
 8  9 17 19 20
 8 11 13 23 25
 8 11 14 25 26
 8 11 20 22 25
 8 12 14 16 17
 8 12 18 20 26
 8 12 22 23 24
 8 13 18 24 26
 8 17 22 25 26
 9 10 16 21 24
 9 11 12 19 24
 9 13 14 23 26
 9 21 22 23 25
10 11 12 22 25
10 11 15 17 23
10 12 14 20 24
10 14 18 22 26
10 16 20 21 22
11 13 14 17 22
11 13 15 16 23
11 15 18 24 25
12 15 16 18 21
12 15 23 25 26
13 15 18 19 20
14 18 19 22 25
15 16 17 19 25
15 20 21 24 26
16 19 22 23 26