1  2  3  9 23
 1  2  4 12 24
 1  2  5 20 25
 1  2  6 10 15
 1  2  7  8 26
 1  2 11 18 21
 1  2 13 16 17
 1  2 14 19 22
 1  3  4 15 21
 1  3  5  7 17
 1  3  6 13 25
 1  3  8 18 20
 1  3 10 12 19
 1  3 11 14 24
 1  3 16 22 26
 1  4  5  6 26
 1  4  7 20 22
 1  4  8 14 17
 1  4  9 11 13
 1  4 10 16 18
 1  4 19 23 25
 1  5  8 13 24
 1  5  9 15 19
 1  5 10 11 22
 1  5 12 16 21
 1  5 14 18 23
 1  6  7  9 18
 1  6  8 16 19
 1  6 11 12 17
 1  6 14 20 21
 1  6 22 23 24
 1  7 10 24 25
 1  7 11 16 23
 1  7 12 14 15
 1  7 13 19 21
 1  8  9 12 22
 1  8 10 21 23
 1  8 11 15 25
 1  9 10 17 20
 1  9 14 16 25
 1  9 21 24 26
 1 10 13 14 26
 1 11 19 20 26
 1 12 13 20 23
 1 12 18 25 26
 1 13 15 18 22
 1 15 16 20 24
 1 15 17 23 26
 1 17 18 19 24
 1 17 21 22 25
 2  3  4  5 11
 2  3  6 14 26
 2  3  7 16 19
 2  3  8 10 24
 2  3 12 13 21
 2  3 15 20 22
 2  3 17 18 25
 2  4  6 18 19
 2  4  7 21 23
 2  4  8  9 25
 2  4 10 13 20
 2  4 14 15 16
 2  4 17 22 26
 2  5  6 17 23
 2  5  7  9 14
 2  5  8 12 15
 2  5 10 19 21
 2  5 13 18 26
 2  5 16 22 24
 2  6  7 11 20
 2  6  8 21 22
 2  6  9 13 24
 2  6 12 16 25
 2  7 10 12 17
 2  7 13 22 25
 2  7 15 18 24
 2  8 11 13 14
 2  8 16 18 23
 2  8 17 19 20
 2  9 10 18 22
 2  9 11 15 17
 2  9 12 19 26
 2  9 16 20 21
 2 10 11 16 26
 2 10 14 23 25
 2 11 12 22 23
 2 11 19 24 25
 2 12 14 18 20
 2 13 15 19 23
 2 14 17 21 24
 2 15 21 25 26
 2 20 23 24 26
 3  4  6 16 24
 3  4  7 14 18
 3  4  8 13 19
 3  4  9 10 26
 3  4 12 22 25
 3  4 17 20 23
 3  5  6 12 18
 3  5  8 16 25
 3  5  9 13 22
 3  5 10 14 15
 3  5 19 23 24
 3  5 20 21 26
 3  6  7 10 22
 3  6  8 15 17
 3  6  9 19 20
 3  6 11 21 23
 3  7  8  9 21
 3  7 11 13 15
 3  7 12 20 24
 3  7 23 25 26
 3  8 11 12 26
 3  8 14 22 23
 3  9 11 16 18
 3  9 12 14 17
 3  9 15 24 25
 3 10 11 20 25
 3 10 13 18 23
 3 10 16 17 21
 3 11 17 19 22
 3 12 15 16 23
 3 13 14 16 20
 3 13 17 24 26
 3 14 19 21 25
 3 15 18 19 26
 3 18 21 22 24
 4  5  7 15 25
 4  5  8 18 22
 4  5  9 17 24
 4  5 10 12 23
 4  5 13 14 21
 4  5 16 19 20
 4  6  7 13 17
 4  6  8 12 20
 4  6  9 14 23
 4  6 10 21 25
 4  6 11 15 22
 4  7  8 10 11
 4  7  9 12 16
 4  7 19 24 26
 4  8 15 23 24
 4  8 16 21 26
 4  9 15 18 20
 4  9 19 21 22
 4 10 14 22 24
 4 10 15 17 19
 4 11 12 14 19
 4 11 16 17 25
 4 11 18 23 26
 4 11 20 21 24
 4 12 13 15 26
 4 12 17 18 21
 4 13 16 22 23
 4 13 18 24 25
 4 14 20 25 26
 5  6  7 21 24
 5  6  8  9 10
 5  6 11 14 16
 5  6 13 15 20
 5  6 19 22 25
 5  7  8 20 23
 5  7 10 13 16
 5  7 11 18 19
 5  7 12 22 26
 5  8 11 17 21
 5  8 14 19 26
 5  9 11 12 20
 5  9 16 23 26
 5  9 18 21 25
 5 10 17 25 26
 5 10 18 20 24
 5 11 13 23 25
 5 11 15 24 26
 5 12 13 17 19
 5 12 14 24 25
 5 14 17 20 22
 5 15 16 17 18
 5 15 21 22 23
 6  7  8 14 25
 6  7 12 19 23
 6  7 15 16 26
 6  8 11 18 24
 6  8 13 23 26
 6  9 11 25 26
 6  9 12 15 21
 6  9 16 17 22
 6 10 11 13 19
 6 10 12 24 26
 6 10 14 17 18
 6 10 16 20 23
 6 12 13 14 22
 6 13 16 18 21
 6 14 15 19 24
 6 15 18 23 25
 6 17 19 21 26
 6 17 20 24 25
 6 18 20 22 26
 7  8 12 13 18
 7  8 15 19 22
 7  8 16 17 24
 7  9 10 15 23
 7  9 11 22 24
 7  9 13 20 26
 7  9 17 19 25
 7 10 14 19 20
 7 10 18 21 26
 7 11 12 21 25
 7 11 14 17 26
 7 13 14 23 24
 7 14 16 21 22
 7 15 17 20 21
 7 16 18 20 25
 7 17 18 22 23
 8  9 11 19 23
 8  9 13 15 16
 8  9 14 20 24
 8  9 17 18 26
 8 10 12 14 16
 8 10 13 17 22
 8 10 15 20 26
 8 10 18 19 25
 8 11 16 20 22
 8 12 17 23 25
 8 12 19 21 24
 8 13 20 21 25
 8 14 15 18 21
 8 22 24 25 26
 9 10 11 14 21
 9 10 12 13 25
 9 10 16 19 24
 9 12 18 23 24
 9 13 14 18 19
 9 13 17 21 23
 9 14 15 22 26
 9 20 22 23 25
10 11 12 15 18
10 11 17 23 24
10 12 20 21 22
10 13 15 21 24
10 15 16 22 25
10 19 22 23 26
11 12 13 16 24
11 13 17 18 20
11 13 21 22 26
11 14 15 20 23
11 14 18 22 25
11 15 16 19 21
12 14 21 23 26
12 15 17 22 24
12 15 19 20 25
12 16 17 20 26
12 16 18 19 22
13 14 15 17 25
13 16 19 25 26
13 19 20 22 24
14 16 17 19 23
14 16 18 24 26
16 21 23 24 25
18 19 20 21 23