 2   3   8  11  18
 9  14  15  17  26
 4   5  12  13  23
19  20  21  22  24
 6   7  10  16  25
 1   4  11  15  24
 6  13  18  19  26
 1   8   9  22  23
 3   7  12  17  21
 2   5  10  14  20
 3  13  14  16  24
 1   2  21  25  26
 5   7   9  11  19
 4  16  17  18  22
 6   8  12  15  20
 3  15  19  23  25
10  11  12  22  26
 5   8  17  24  25
 6  11  14  21  23
 2   7  13  15  22
 4   9  10  18  21
 7  16  20  23  26
 1  12  14  18  25
 1  10  13  17  20
 2   9  12  16  19
 1   3   5   6  22
 4   7   8  14  19
 2   6  17  23  24
 5  15  16  18  21
 9  11  13  20  25
 3   4   8  10  26
 7  10  18  23  24
 3   4   6   9  20
 8  11  13  16  21
 5   9  12  24  26
 2   4  14  22  25
 1  11  16  17  19
 8  10  15  19  21
 1   2   7  18  20
 4   5  11  17  26
 6   9  10  15  24
 3  14  18  20  22
 7  22  24  25  26
 1   3   9  13  21
10  12  17  19  23
 1   5   8  14  16
 4   6  12  21  25
 2   8  12  13  24
 2   4  15  16  23
13  15  17  18  25
 6   7   8   9  17
 3   5  10  19  25
 5  20  21  22  23
 7  11  12  14  15
 1  14  19  24  26
 3  11  16  20  24
 8  18  20  23  26
 2   6  13  19  22
 3  15  16  22  26
10  11  13  14  23
 2  14  17  20  21
 1   4   5   6   7
 9  16  18  23  25
 4  12  19  20  25
 5  11  17  18  22
 1  10  12  16  22
 2   3   5  15  26
 7  13  21  24  26
 2   3   7  17  23
 6  12  14  18  24
 8   9  14  22  25
 2   6  10  11  26
 5   6   8  13  19
 3   4  18  19  24
 1   7  15  20  23
 4   7   9  13  22
 7   8  11  21  25
 6  14  16  17  26
 1  12  15  18  21
 2   5   9  11  16
 1   3  11  12  17
 8  10  21  22  24
 4  14  15  20  24
 3   7  12  13  14
 1   4  13  23  26
15  17  19  20  22
 7   8  12  16  24
 5  14  19  23  25
 2   3   9  17  18
 8  11  12  22  23
 1   2   4  16  21
 5  10  13  16  18
 1   6  15  18  25
 2   8  12  16  26
 9  10  11  20  26
 7   9  14  21  22
 4   5   7  12  15
 3   4  19  21  23
 9  17  19  24  25
 3   8  16  17  20
 1   2   8  10  14
 7  13  18  22  26
 6  12  20  22  23
 5  10  13  18  21
 2  11  20  25  26
 7  10  12  13  25
 2   3  13  14  15
