 1  2  3 10 17 20
 1  2  4  8 13 18
 1  2  5  6 14 15
 1  2  7  9 11 16
 1  3  4 13 16 20
 1  3  8 11 18 20
 1  4 10 11 13 17
 1  5  6 11 12 19
 1  7  9 12 16 19
 1  8 10 16 17 18
 2  3  4  8 16 17
 2  3 11 13 17 18
 2  4  8 10 11 20
 2  4 16 17 19 20
 2  5  6 12 13 16
 2  7  9 11 12 19
 2 10 13 16 18 20
 3  4 10 11 16 18
 3  5  6  8 10 19
 3  5  7  9 13 15
 3  6  7  8  9 14
 3 10 12 14 15 19
 4  5  7 14 18 19
 4  5  9 12 14 20
 4  6  7 12 15 20
 4  6  9 15 17 19
 5  6 11 14 15 16
 5  7  8  9 10 15
 5  7 14 17 19 20
 5  9 12 14 17 18
 6  7  9 10 13 14
 6  7 12 15 17 18
 6  9 15 18 19 20
 8 11 13 16 17 20
 8 12 13 14 15 19