 4   7  10  13  14  15
 3   5   6  15  16  18
 2   9  12  13  17  20
 1   4   6   8  19  20
 2   5   8  11  14  17
 1   7   9  11  16  19
 3   8  10  12  18  19
 6  10  11  12  16  20
 3   4   5   9  11  13
 1   4  12  14  17  18
 1   2   3   7  15  20
 5   6   7   9  10  17
 2   6  13  14  18  19
 2   4   8   9  15  16
 3   7   8  13  16  17
 5  12  14  15  19  20
 1  10  11  13  15  18
 7   8   9  14  18  20
 1   2   4   5  10  16
 3   6  11  15  17  19
 2   4   7  11  12  18
 1   5   6   8  12  13
 1   3   6   9  10  14
 4  16  17  18  19  20
 3  11  13  14  16  20
 2   5   7  10  13  19
 8   9  10  12  15  17
 2   6   7  12  14  16
 1   3   5  17  18  20
 3   4   7   9  12  19
 5   7   8  11  15  20
 1  13  15  16  17  19
 2   3   4   6  10  17
 5   9  10  14  16  18
 2   6   8   9  11  18
 4   8  10  11  14  19
 4   6   9  13  15  20
 1   2   3  11  12  15
 2   3   9  10  19  20
 1   7  11  14  17  20
 4   8  12  13  16  18
 6   7  15  17  18  19
 3   4   5   8  14  15
 5  11  12  16  17  19
 1   2   8  10  13  20
 1   2   5   9  18  19
 4   5   7  10  18  20
 1   6   8  14  16  17
 9  11  12  13  14  15
 3   6   7  11  13  18
 2  14  15  16  17  18
 1   7   9  12  16  20
 1   3   5   7  14  19
 4   5   6  11  15  17
 3  10  12  13  14  17
 6   8   9  13  16  19
 2   3   8  12  19  20
 1   4   7   8   9  17
 3   7   8  10  15  16
 2   5   6  10  15  20
 1   4   6  10  12  19
11  13  17  18  19  20
 2   5   7  13  15  18
 3   9  11  16  17  18
 2   4   9  13  14  19
 1   2   4   6  11  16
 1   3   4  15  18  20
 5   6   9  12  17  20
 1   5   7   8  11  12
 2   7  10  11  16  18
 4   5   7  13  16  17
 1   3   5   8   9  14
 4   6  11  12  14  20
 8  10  14  17  19  20
 2  12  14  15  18  19
 1   6   7  12  13  18
 5   9  10  11  13  17
 2   3   5   7  16  20
 6   8  13  15  18  19
 3   4   9  12  15  17
 5  10  14  15  16  19
 1   2   8  11  19  20
 1   2   3   7  11  17
 3   5   6  11  14  19
 2   4   7   8  16  18
 2   3   6  10  13  16
 4   9  10  11  12  19
 6   7   8  12  14  20
 2   6  10  15  17  18
 1   4  11  14  17  20
