1  2  3  4 20
1  2  5 11 15
1  2  6 10 16
1  2  7 18 19
1  2  8 13 17
1  2  9 14 21
1  2 12 22 23
1  3  5  7 23
1  3  6 11 13
1  3  8 12 14
1  3  9 10 15
1  3 16 21 22
1  3 17 18 19
1  4  5  8 16
1  4  6 12 17
1  4  7 11 22
1  4  9 18 19
1  4 10 14 23
1  4 13 15 21
1  5  6 20 21
1  5  9 17 22
1  5 10 12 13
1  5 14 18 19
1  6  7  8  9
1  6 14 15 22
1  6 18 19 23
1  7 10 17 21
1  7 12 15 20
1  7 13 14 16
1  8 10 20 22
1  8 11 21 23
1  8 15 18 19
1  9 11 12 16
1  9 13 20 23
1 10 11 18 19
1 11 14 17 20
1 12 18 19 21
1 13 18 19 22
1 15 16 17 23
1 16 18 19 20
2  3  5 13 21
2  3  6  9 22
2  3  7 17 19
2  3  8 10 23
2  3 11 12 18
2  3 14 15 16
2  4  5 10 17
2  4  6 11 21
2  4  7  9 19
2  4  8 14 22
2  4 12 13 16
2  4 15 18 23
2  5  6  8 12
2  5  7 14 19
2  5  9 16 23
2  5 18 20 22
2  6  7 19 23
2  6 13 15 20
2  6 14 17 18
2  7  8 15 19
2  7 10 11 19
2  7 12 19 21
2  7 13 19 22
2  7 16 19 20
2  8  9 11 20
2  8 16 18 21
2  9 10 13 18
2  9 12 15 17
2 10 12 14 20
2 10 15 21 22
2 11 13 14 23
2 11 16 17 22
2 17 20 21 23
3  4  5  6 15
3  4  7  8 21
3  4  9 17 19
3  4 10 12 22
3  4 11 16 23
3  4 13 14 18
3  5  8 11 22
3  5  9 12 20
3  5 10 16 18
3  5 14 17 19
3  6  7 12 16
3  6  8 18 20
3  6 10 14 21
3  6 17 19 23
3  7  9 11 14
3  7 10 13 20
3  7 15 18 22
3  8  9 13 16
3  8 15 17 19
3  9 18 21 23
3 10 11 17 19
3 11 15 20 21
3 12 13 15 23
3 12 17 19 21
3 13 17 19 22
3 14 20 22 23
3 16 17 19 20
4  5  7 12 18
4  5  9 14 19
4  5 11 13 20
4  5 21 22 23
4  6  7 14 20
4  6  8 10 13
4  6  9 19 23
4  6 16 18 22
4  7 10 15 16
4  7 13 17 23
4  8  9 15 19
4  8 11 17 18
4  8 12 20 23
4  9 10 11 19
4  9 12 19 21
4  9 13 19 22
4  9 16 19 20
4 10 18 20 21
4 11 12 14 15
4 14 16 17 21
4 15 17 20 22
5  6  7 10 22
5  6  9 11 18
5  6 13 16 17
5  6 14 19 23
5  7  8 17 20
5  7  9 13 15
5  7 11 16 21
5  8  9 10 21
5  8 13 18 23
5  8 14 15 19
5 10 11 14 19
5 10 15 20 23
5 11 12 17 23
5 12 14 19 21
5 12 15 16 22
5 13 14 19 22
5 14 16 19 20
5 15 17 18 21
6  7 11 15 17
6  7 13 18 21
6  8 11 14 16
6  8 15 19 23
6  8 17 21 22
6  9 10 17 20
6  9 12 13 14
6  9 15 16 21
6 10 11 19 23
6 10 12 15 18
6 11 12 20 22
6 12 19 21 23
6 13 19 22 23
6 16 19 20 23
7  8 10 14 18
7  8 11 12 13
7  8 16 22 23
7  9 10 12 23
7  9 16 17 18
7  9 20 21 22
7 11 18 20 23
7 12 14 17 22
7 14 15 21 23
8  9 12 18 22
8  9 14 17 23
8 10 11 15 19
8 10 12 16 17
8 12 15 19 21
8 13 14 20 21
8 13 15 19 22
8 15 16 19 20
9 10 14 16 22
9 11 13 17 21
9 11 15 22 23
9 14 15 18 20
10 11 12 19 21
10 11 13 19 22
10 11 16 19 20
10 13 14 15 17
10 13 16 21 23
10 17 18 22 23
11 13 15 16 18
11 14 18 21 22
12 13 17 18 20
12 13 19 21 22
12 14 16 18 23
12 16 19 20 21
13 16 19 20 22